001200000001,Nguyen Thi Thuy
001200000002,Nguyen Thi Phuong
